[16410.505125] [Project1] 5466 15881724517.017749080, 15881724531.088189633
[16413.352228] [Project1] 5467 15881724546.045385801, 15881724560.035125642
[16416.106201] [Project1] 5468 15881724574.047811070, 15881724587.088939273
[16418.793652] [Project1] 5469 15881724601.001058382, 15881724614.076236033
[16421.542356] [Project1] 5470 15881724629.002043251, 15881724642.024781709
[16424.293212] [Project1] 5471 15881724656.030831646, 15881724669.075480443
[16427.091725] [Project1] 5472 15881724684.072524259, 15881724697.073835442
[16429.871113] [Project1] 5473 15881724711.088137662, 15881724725.053067754
[16432.581558] [Project1] 5474 15881724739.036998803, 15881724752.063360507
[16435.308921] [Project1] 5475 15881724766.007992330, 15881724779.090572157
